3270,121
3270,120
3270,119
3270,118
3270,117
3270,116
3270,115
3270,114
3270,113
3270,112
3270,111
3270,110
3270,109
3270,108
3270,107
3270,106
3270,105
3270,104
3270,103
3270,102
3270,101
3270,100
3270,99
3270,98
3270,97
3270,96
3270,95
3270,94
3270,93
3270,92
3270,91
3270,90
3270,89
3270,88
3270,87
3270,86
3270,85
3270,84
3270,83
3270,82
3270,81
3270,80
3270,79
3270,78
3270,77
3270,76
3270,75
3270,74
3270,73
3270,72
3270,71
3270,70
3270,69
3270,68
3270,67
3270,66
3270,65
3270,64
3270,35
3270,34
3270,33
3270,32
3270,31
3270,30
3270,29
3270,28
3270,27
3270,26
3270,25
3270,24
3270,23
3270,22
3270,21
3270,20
3270,19
3270,18
3270,17
3270,16
3270,15
3270,14
3270,13
3270,12
3270,11
3270,10
3270,9
3270,8
3270,7
3270,6
3270,5
3270,4
3262,79
3262,78
3262,77
3262,76
3262,75
3262,74
3262,73
3262,72
3262,71
3262,70
3262,69
3262,68
3262,67
3262,66
3262,65
3262,64
3262,35
3262,34
3262,33
3262,32
3262,31
3262,30
3262,29
3262,28
3262,27
3262,26
3262,25
3262,24
3262,23
3262,22
3262,21
3262,20
3262,19
3262,18
3262,17
3262,16
3262,15
3262,14
3262,13
3262,12
3262,11
3262,10
3262,9
3262,8
3262,7
3262,6
3262,5
3262,4
3257,8
3257,7
3244,16
3244,15
3244,14
3244,13
3244,12
3244,11
3244,10
3244,9
3244,8
3244,7
3244,6
3244,5
3244,4
3206,7
3206,6
3206,5
3206,4
3298,5
3298,4
3298,3
3298,2
3298,1
3298,0
3297,3
3297,2
3297,1
3297,0
3296,5
3296,4
3296,3
3296,2
3296,1
3296,0
3295,3
3295,2
3295,1
3295,0
3294,3
3294,2
3294,1
3294,0
3293,3
3293,2
3293,1
3293,0
3292,3
3292,2
3292,1
3292,0
3291,3
3291,2
3291,1
3291,0
3290,3
3290,2
3290,1
3290,0
3289,3
3289,2
3289,1
3289,0
3288,3
3288,2
3288,1
3288,0
3287,3
3287,2
3287,1
3287,0
3286,3
3286,2
3286,1
3286,0
3285,3
3285,2
3285,1
3285,0
3284,3
3284,2
3284,1
3284,0
3283,3
3283,2
3283,1
3283,0
3282,3
3282,2
3282,1
3282,0
3281,3
3281,2
3281,1
3281,0
3280,3
3280,2
3280,1
3280,0
3279,3
3279,2
0,624
3279,1
3279,0
3278,3
3278,2
3278,1
3278,0
2,109
3277,4
3277,3
3277,2
3277,1
3277,0
3276,3
3276,2
3276,1
3276,0
3275,3
3275,2
3275,1
3275,0
3274,3
3274,2
3274,1
3274,0
3273,4
3273,3
3273,2
3273,1
3273,0
3272,7
3272,6
3272,5
3272,4
3272,3
3272,2
3272,1
3272,0
3271,3
3271,2
3271,1
3271,0
3270,3
3270,2
3270,1
3270,0
3269,3
3269,2
3269,1
3269,0
3268,3
3268,2
3268,1
3268,0
3267,3
3267,2
3267,1
3267,0
3266,3
3266,2
3266,1
3266,0
3265,3
3265,2
3265,1
3265,0
3264,3
3264,2
3264,1
3264,0
3263,3
3263,2
3263,1
3263,0
3262,3
3262,2
3262,1
3262,0
3261,3
3261,2
3261,1
3261,0
3260,3
3260,2
3260,1
3260,0
3259,3
3259,2
3259,1
3259,0
3258,3
3258,2
3258,1
3258,0
3257,6
3257,5
3257,4
3257,3
3257,2
3257,1
3257,0
3256,3
3256,2
3256,1
3256,0
3255,3
3255,2
3255,1
3255,0
3254,3
3254,2
0,623
3254,1
3254,0
3253,3
3253,2
3253,1
3253,0
3252,4
3252,3
3252,2
3252,1
3252,0
3251,3
3251,2
3251,1
3251,0
3250,3
3250,2
3250,1
3250,0
3249,3
3249,2
3249,1
3249,0
3248,3
3248,2
3248,1
3248,0
3247,3
3247,2
3247,1
3247,0
3246,3
3246,2
3246,1
3246,0
3245,3
3245,2
3245,1
3245,0
3244,3
3244,2
3244,1
3244,0
3243,3
3243,2
3243,1
3243,0
3242,3
3242,2
3242,1
3242,0
2,108
3241,3
3241,2
3241,1
3241,0
3240,3
3240,2
3240,1
3240,0
3239,3
3239,2
3239,1
3239,0
3238,3
3238,2
3238,1
3238,0
3237,3
3237,2
3237,1
3237,0
3236,3
3236,2
3236,1
3236,0
3235,3
3235,2
3235,1
3235,0
3234,3
3234,2
3234,1
3234,0
3233,3
3233,2
3233,1
3233,0
3232,3
3232,2
3232,1
3232,0
3231,3
3231,2
3231,1
3231,0
3230,3
3230,2
3230,1
3230,0
3229,3
3229,2
3229,1
3229,0
3228,3
3228,2
3228,1
3228,0
3227,3
3227,2
3227,1
3227,0
3226,3
3226,2
3226,1
3226,0
3225,3
3225,2
3225,1
3225,0
3224,6
3224,5
3224,4
3224,3
3224,2
3224,1
3224,0
3223,3
3223,2
3223,1
3223,0
3222,4
3222,3
3222,2
3222,1
3222,0
3221,3
3221,2
3221,1
3221,0
3220,6
3220,5
3220,4
3220,3
3220,2
0,622
3220,1
3220,0
3219,3
3219,2
3219,1
3219,0
3218,3
3218,2
3218,1
3218,0
3217,3
3217,2
3217,1
3217,0
3216,3
3216,2
3216,1
3216,0
3215,3
3215,2
3215,1
3215,0
3214,3
3214,2
3214,1
3214,0
3213,5
3213,4
3213,3
3213,2
3213,1
3213,0
3212,3
3212,2
3212,1
3212,0
3211,3
3211,2
3211,1
3211,0
3210,3
3210,2
3210,1
3210,0
3209,3
3209,2
3209,1
3209,0
3208,3
3208,2
3208,1
3208,0
2,107
3207,4
3207,3
3207,2
3207,1
3207,0
3206,3
3206,2
3206,1
3206,0
3205,3
3205,2
3205,1
3205,0
3204,3
3204,2
3204,1
3204,0
3203,3
3203,2
3203,1
3203,0
3202,3
3202,2
3202,1
3202,0
3201,3
3201,2
3201,1
3201,0
3200,3
3200,2
3200,1
3200,0
3199,3
3199,2
3199,1
3199,0
3198,3
3198,2
3198,1
3198,0
1,19
3197,3
3197,2
3197,1
3197,0
3196,3
3196,2
3196,1
3196,0
2,106
3195,3
3195,2
3195,1
3195,0
0,482
0,480
1968,238
3166,13
3166,12
3166,11
3166,10
3166,9
3166,8
3166,7
3166,6
3166,5
3166,4
3158,8
3158,7
3158,6
3158,5
3158,4
3153,8
3153,7
3140,5
3140,4
3118,15
3118,14
3118,13
3118,12
3118,11
3118,10
3118,9
3118,8
3118,7
3118,6
3118,5
0,471
3102,7
3102,6
3102,5
3102,4
3100,7
3100,6
3100,5
3100,4
3194,5
3194,4
3194,3
3194,2
3194,1
3194,0
3193,3
3193,2
3193,1
3193,0
3192,5
3192,4
3192,3
3192,2
0,621
3192,1
3192,0
3191,3
3191,2
3191,1
3191,0
3190,3
3190,2
3190,1
3190,0
3189,3
3189,2
3189,1
3189,0
3188,3
3188,2
3188,1
3188,0
3187,3
3187,2
3187,1
3187,0
3186,3
3186,2
3186,1
3186,0
3185,3
3185,2
3185,1
3185,0
0,468
3184,3
3184,2
3184,1
3184,0
3183,3
3183,2
3183,1
3183,0
3182,3
3182,2
3182,1
3182,0
3181,3
3181,2
3181,1
3181,0
3180,3
3180,2
3180,1
3180,0
3179,3
3179,2
3179,1
3179,0
3178,3
3178,2
3178,1
3178,0
3177,3
3177,2
3177,1
3177,0
3176,3
3176,2
3176,1
3176,0
3175,3
3175,2
3175,1
3175,0
2,105
3174,3
3174,2
3174,1
3174,0
3173,4
3173,3
3173,2
3173,1
3173,0
3172,3
3172,2
3172,1
3172,0
3171,3
3171,2
3171,1
3171,0
3170,3
3170,2
3170,1
3170,0
3169,4
3169,3
3169,2
3169,1
3169,0
3168,7
3168,6
3168,5
3168,4
3168,3
3168,2
3168,1
3168,0
3167,3
3167,2
3167,1
3167,0
3166,3
3166,2
3166,1
3166,0
3165,3
3165,2
3165,1
3165,0
3164,3
3164,2
3164,1
3164,0
3163,3
3163,2
3163,1
3163,0
3162,3
3162,2
3162,1
3162,0
3161,3
3161,2
3161,1
3161,0
0,462
3160,3
3160,2
3160,1
3160,0
3159,3
3159,2
0,507
3159,1
3159,0
3158,3
3158,2
0,620
3158,1
3158,0
3157,3
3157,2
3157,1
3157,0
3156,3
3156,2
3156,1
3156,0
3155,3
3155,2
3155,1
3155,0
3154,3
3154,2
3154,1
3154,0
3153,6
3153,5
3153,4
3153,3
3153,2
3153,1
3153,0
3152,3
3152,2
3152,1
3152,0
3151,3
3151,2
3151,1
3151,0
3150,3
3150,2
3150,1
3150,0
3149,3
3149,2
3149,1
3149,0
3148,4
3148,3
3148,2
3148,1
3148,0
3147,3
3147,2
3147,1
3147,0
3146,3
3146,2
3146,1
3146,0
3145,3
3145,2
3145,1
3145,0
3144,3
3144,2
3144,1
3144,0
3143,3
3143,2
3143,1
3143,0
3142,3
3142,2
3142,1
3142,0
3141,3
3141,2
3141,1
3141,0
3140,3
3140,2
3140,1
3140,0
2,104
3139,3
3139,2
3139,1
3139,0
3138,3
3138,2
3138,1
3138,0
3137,3
3137,2
3137,1
3137,0
3136,3
3136,2
3136,1
3136,0
3135,3
3135,2
3135,1
3135,0
3134,3
3134,2
3134,1
3134,0
3133,3
3133,2
3133,1
3133,0
3132,3
3132,2
3132,1
3132,0
3131,3
3131,2
3131,1
3131,0
3130,3
3130,2
3130,1
3130,0
3129,3
3129,2
3129,1
3129,0
3128,3
3128,2
3128,1
3128,0
3127,3
3127,2
3127,1
3127,0
3126,3
3126,2
3126,1
3126,0
0,458
3125,3
3125,2
0,619
3125,1
3125,0
3124,3
3124,2
3124,1
3124,0
3123,3
3123,2
3123,1
3123,0
3122,3
3122,2
3122,1
3122,0
3121,3
3121,2
3121,1
3121,0
3120,6
3120,5
3120,4
3120,3
3120,2
3120,1
3120,0
3119,3
3119,2
3119,1
3119,0
3118,4
3118,3
3118,2
3118,1
3118,0
3117,3
3117,2
3117,1
3117,0
3116,6
3116,5
3116,4
3116,3
3116,2
3116,1
3116,0
3115,3
3115,2
3115,1
3115,0
3114,3
3114,2
3114,1
3114,0
3113,3
3113,2
3113,1
3113,0
3112,3
3112,2
3112,1
3112,0
3111,3
3111,2
3111,1
3111,0
3110,3
3110,2
3110,1
3110,0
3109,5
3109,4
3109,3
3109,2
3109,1
3109,0
3108,3
3108,2
3108,1
3108,0
3107,3
3107,2
3107,1
3107,0
3106,3
3106,2
3106,1
3106,0
3105,3
3105,2
3105,1
3105,0
2,103
3104,3
3104,2
3104,1
3104,0
3103,4
3103,3
3103,2
3103,1
3103,0
3102,3
3102,2
3102,1
3102,0
3101,3
3101,2
3101,1
3101,0
3100,3
3100,2
3100,1
3100,0
3099,3
3099,2
0,618
3099,1
3099,0
3098,3
3098,2
3098,1
3098,0
3097,3
3097,2
3097,1
3097,0
3096,3
3096,2
3096,1
3096,0
3095,3
3095,2
3095,1
3095,0
3094,3
3094,2
3094,1
3094,0
3093,3
3093,2
3093,1
3093,0
3092,3
3092,2
3092,1
3092,0
3091,3
3091,2
3091,1
3091,0
1261,336
0,450
2003,243
1265,807
1265,809
2374,17
0,777
0,776
0,774
0,773
0,772
1265,1490
1265,1489
0,770
0,769
0,768
2003,242
0,343
0,313
0,575
0,572
0,571
0,570
0,569
0,568
0,565
1968,240
1968,237
0,561
0,559
0,558
0,557
0,555
0,554
0,553
0,551
0,550
0,548
1400,7
0,546
2204,35
0,544
0,542
0,541
0,540
0,539
3090,3
3090,2
3090,1
3090,0
2492,5
2492,4
2,102
3089,3
3089,2
3089,1
3089,0
0,537
0,617
0,533
0,532
2003,241
0,530
0,529
0,528
0,527
0,525
0,524
2724,5
2724,4
0,523
0,522
0,521
0,547
0,545
0,543
0,538
0,536
2,16
2,1
0,535
2,93
1,1
1,15
2,3
2,0
1,3
1,0
0,534
4,1
4,3
4,0
0,531
0,526
0,502
0,499
0,498
0,493
0,481
0,478
0,467
0,460
0,454
0,434
0,427
0,425
0,407
0,402
0,396
0,383
0,377
0,376
0,374
0,362
0,361
0,352
0,351
0,349
0,348
0,345
0,341
0,339
0,336
0,330
0,326
0,322
0,309
0,301
2214,1
0,243
2214,33
2214,19
2214,3
0,358
0,594
2214,0
0,500
0,9
0,310
0,305
0,311
0,318
0,317
0,316
0,312
0,325
0,324
0,319
0,315
0,314
0,411
0,410
0,430
0,342
0,337
0,335
0,373
0,328
0,381
0,359
0,379
0,344
0,369
0,329
0,368
0,365
0,320
0,360
0,323
0,347
0,378
0,356
0,355
0,353
0,354
0,321
0,375
0,435
0,338
0,432
0,334
0,308
0,479
0,304
0,469
0,303
0,302
0,307
0,350
0,12
0,389
0,10
0,431
0,8
0,0
0,510
0,300
0,419
0,299
0,816
0,298
0,503
0,297
0,438
0,296
0,808
0,295
0,828
0,294
0,492
0,293
0,518
0,292
0,496
0,291
0,476
0,290
0,464
0,289
0,385
0,288
0,287
0,506
0,286
0,798
0,285
0,797
0,284
0,401
0,283
0,775
0,282
0,281
0,400
0,280
0,505
0,279
0,278
0,516
0,277
0,831
0,276
0,823
0,275
0,397
0,274
0,549
0,552
0,560
0,562
0,564
0,566
0,574
0,587
0,588
0,591
0,592
0,613
0,778
0,779
0,781
0,782
0,785
0,786
0,788
0,790
0,791
0,794
0,795
0,803
0,811
0,815
1,4
1,7
1,12
2,4
2,18
2,73
2,76
2,85
2,90
2,95
645,3
645,5
646,1
651,1
660,1
660,36
662,0
662,510
662,512
662,514
662,515
683,1
695,29
695,1
732,3
737,1
747,3
748,1
748,6
751,1
753,1
762,0
762,1
762,10
764,0
764,1
764,6
764,8
764,14
764,20
764,21
764,26
765,1
768,3
777,1
781,3
786,0
786,1
787,3
797,3
797,1
797,6
2,78
2185,3
799,4
799,8
802,1
2185,1
0,595
802,6
804,1
810,1
2222,3
813,1
821,0
821,3
2196,0
822,0
829,3
829,1
836,0
836,1
2196,4
842,1
849,1
2196,1
2214,4
2214,6
2196,5
2214,8
2214,10
2214,11
2214,13
2196,6
849,10
849,11
849,16
850,1
851,1
861,1
861,3
864,3
2214,15
2214,16
2214,18
2214,20
2196,7
2214,22
2214,23
2214,25
2214,26
2214,28
2214,29
2196,8
2214,32
864,9
864,12
864,15
864,20
864,22
864,28
864,37
864,40
864,46
864,54
864,65
864,69
864,73
864,77
864,80
864,85
864,92
864,93
864,98
864,101
864,106
864,109
864,114
864,119
864,122
864,126
864,130
864,134
864,139
864,142
864,147
864,150
864,155
864,157
864,161
864,166
864,168
864,174
864,176
864,180
864,185
864,188
864,198
864,205
864,214
864,223
864,258
864,264
864,266
864,271
864,274
864,278
864,283
864,286
864,291
864,294
864,299
864,304
864,307
864,312
864,313
864,318
864,321
864,324
864,329
864,332
864,337
864,340
864,345
864,350
864,353
864,358
864,359
864,366
864,367
864,372
864,378
864,380
864,385
864,388
864,393
864,397
864,401
864,405
864,408
864,413
2193,0
864,416
864,420
864,423
864,424
864,427
864,432
2193,5
2193,6
864,437
864,439
864,443
864,447
864,451
864,454
864,458
864,462
864,466
864,470
864,475
864,478
866,1
866,2
866,7
866,13
866,15
866,19
866,21
866,27
866,29
866,34
866,40
866,42
866,46
866,65
866,70
866,76
866,78
866,82
866,86
866,90
866,92
866,97
866,101
866,105
866,109
866,112
866,117
866,122
866,124
866,130
866,132
866,136
866,139
866,144
866,149
866,152
866,157
866,160
866,165
866,170
866,173
866,177
866,179
866,184
866,190
866,192
866,197
866,200
866,204
866,208
866,212
866,217
866,220
866,225
866,227
866,233
866,238
866,239
866,246
866,247
866,252
866,255
866,260
866,265
866,268
866,273
866,276
866,281
866,285
866,287
866,293
866,295
866,300
866,303
866,307
866,312
866,315
866,320
866,323
866,328
866,333
866,336
866,341
866,342
866,349
866,353
866,355
866,360
866,363
866,368
866,371
866,376
866,380
866,384
866,388
866,390
866,396
866,401
866,403
866,409
866,411
866,415
866,418
866,423
866,428
866,431
866,436
866,439
866,444
866,449
866,452
866,456
866,458
866,463
866,466
866,471
866,475
866,479
866,483
866,487
866,491
866,496
866,499
866,504
866,506
866,512
866,514
866,518
866,523
866,526
866,531
866,534
866,539
866,544
866,547
866,552
866,555
866,560
866,564
866,566
866,572
866,574
866,672
866,704
866,708
866,713
866,716
866,721
866,724
866,729
866,734
866,737
866,742
866,743
866,748
866,751
866,756
866,761
866,764
866,769
866,772
866,777
866,781
866,785
866,789
866,791
866,797
866,799
866,804
866,810
866,811
866,816
866,819
866,824
866,829
866,832
866,837
866,840
866,845
866,850
866,851
866,857
866,859
866,864
866,867
866,872
866,876
866,880
866,884
866,888
866,892
866,897
866,900
866,905
866,907
866,913
866,915
866,919
866,924
866,927
866,932
866,935
866,940
866,945
866,948
866,953
866,954
866,960
866,962
866,967
866,973
866,975
866,980
866,983
866,987
866,992
866,995
866,1000
866,1003
866,1008
866,1010
866,1016
866,1021
866,1022
866,1027
866,1030
866,1035
866,1040
866,1043
866,1048
866,1051
866,1056
866,1060
866,1064
866,1068
866,1070
866,1076
866,1078
866,1083
866,1087
866,1090
866,1095
866,1098
866,1103
866,1108
866,1111
866,1116
866,1117
866,1124
866,1125
866,1130
866,1136
866,1138
866,1143
866,1146
866,1151
866,1155
866,1159
866,1163
866,1167
866,1171
866,1173
866,1179
866,1184
866,1186
866,1190
866,1194
866,1198
866,1203
866,1206
866,1211
866,1214
866,1219
866,1224
866,1227
866,1232
866,1233
866,1239
866,1241
866,1246
866,1252
866,1344
868,1
870,1
871,3
879,1
879,3
884,1
887,1
888,6
888,1
889,3
899,3
899,7
899,12
899,15
899,20
899,25
899,28
899,33
899,34
899,68
899,70
899,75
899,81
899,83
899,88
899,91
899,95
899,100
899,103
899,108
899,111
899,116
899,118
899,124
899,129
899,130
899,135
899,138
899,143
899,148
899,151
899,156
899,159
899,164
899,168
899,172
899,176
899,178
899,184
899,186
899,191
899,195
899,198
899,203
900,3
901,1
902,1
904,1
904,7
904,9
904,15
904,17
905,1
910,0
910,4
2222,4
912,1
2222,1
912,11
912,14
912,19
912,22
2222,6
912,23
912,28
912,34
912,64
913,3
915,3
2222,8
915,1
918,1
920,1
923,1
924,1
2222,11
931,1
932,1
933,1
938,1
938,3
2222,12
953,7
2222,13
2222,15
2222,16
955,1
2222,18
966,1
2222,19
968,1
2222,20
968,11
2222,21
988,1
2222,22
1008,1
1026,0
1033,1
1040,1
1238,0
1238,1
1239,0
1241,3
1247,1
1247,3
1247,12
1248,0
1249,0
2222,25
1250,0
1250,7
2222,26
1250,9
2222,28
1250,13
1250,20
2222,29
1250,25
1250,30
1250,39
2222,30
1252,1
1254,1
1257,0
1257,1
1260,0
2222,31
1261,3
1261,4
1261,10
1261,11
2222,32
1261,16
1261,21
1261,27
2222,33
1261,32
1261,34
1261,68
1261,73
1261,74
1261,81
1261,82
1261,87
1261,90
2222,35
1261,95
1261,98
1261,103
1261,104
1261,111
1261,115
1261,117
1261,122
1261,125
1261,130
1261,133
1261,138
2193,9
2193,10
1261,142
1261,146
1261,150
1261,155
1261,158
1261,163
1261,165
1261,171
1261,176
1261,177
1261,184
1261,185
1261,190
1261,193
1261,198
1261,203
1261,206
1261,211
1261,214
1261,218
1261,223
1261,225
1261,231
1261,233
1261,237
1261,241
1261,245
1261,250
1261,253
1261,258
1261,261
1261,266
1261,271
1261,274
1261,279
1261,280
1261,285
1261,288
1261,293
1261,298
1261,301
1261,306
1261,309
1261,314
1261,318
1261,321
1261,326
1261,328
1261,332
1261,334
1261,337
1261,342
1261,345
1261,350
1261,351
1261,356
1261,362
1261,364
1261,369
1261,372
1261,377
1261,381
1262,1
1263,1
1263,3
1263,7
1263,8
1263,15
1263,20
1263,21
1263,27
1263,29
1263,38
1263,43
1263,47
1263,62
1263,65
1263,70
1263,73
1263,78
1263,83
1263,84
1263,91
1263,92
1263,97
1263,103
1263,105
1263,110
1263,113
1263,117
1263,121
1263,125
1263,130
1263,133
1263,138
1263,140
1263,146
1263,151
1263,152
1263,157
1263,160
1263,165
1263,170
1263,173
1263,178
1263,181
1263,186
1263,187
1263,194
1263,198
1263,200
1263,206
1263,208
1263,213
1263,217
1263,220
1263,225
1263,228
1263,233
1263,236
1263,241
1263,246
1263,247
1263,254
1263,255
1263,269
1263,323
1263,324
1263,329
1263,332
1263,337
1263,340
1263,345
1263,349
1263,353
1263,358
1263,359
1263,366
1263,370
1263,372
1263,377
1263,380
1265,1
1265,6
1265,34
1265,43
1265,46
1265,51
1265,53
1265,62
1265,133
1265,134
1265,145
1265,147
1265,155
1265,164
1265,167
1265,175
1265,180
1265,188
1265,193
1265,201
1265,207
1265,213
1265,220
1265,223
1265,231
1265,240
1265,244
1265,250
1265,256
1265,263
1265,267
1265,275
1265,283
1265,288
1265,296
1265,297
1265,309
1265,316
1265,318
1265,326
1265,331
1265,339
1265,343
1265,351
1265,359
1265,364
1265,369
1265,373
1265,378
1265,386
1265,389
1265,399
1265,400
1265,408
1265,420
1265,421
1265,429
1265,434
1265,442
1265,446
1265,454
1265,462
1265,467
1265,473
1265,477
1265,484
1265,494
1265,497
1265,504
1265,510
1265,516
1265,523
1265,529
1265,537
1265,542
1265,549
1265,553
1265,562
1265,570
1265,572
1265,581
1265,582
1265,645
1265,650
1265,658
1265,666
1265,671
1265,678
1265,683
1265,688
1265,693
1265,696
1265,705
1265,706
1265,710
1265,717
1265,718
1265,726
1265,731
1265,739
1265,743
1265,751
1265,759
1265,764
1265,774
1265,783
1265,833
1265,841
1265,842
1265,847
1265,850
1265,855
1265,858
1265,865
1265,872
1265,877
1265,885
1265,888
1265,898
1265,906
1265,907
1265,918
1265,920
1265,928
1265,933
1265,941
1265,949
1265,953
1265,961
1265,966
1265,974
1265,980
1265,985
1265,993
1265,996
1265,1004
1265,1014
1265,1017
1265,1023
1265,1028
1265,1036
1265,1040
1265,1048
1265,1056
1265,1061
1265,1069
1265,1071
1265,1082
1265,1087
1265,1091
1265,1099
1265,1104
1265,1112
1265,1117
1265,1124
1265,1131
1265,1137
1265,1144
1265,1150
1265,1155
1265,1161
1265,1164
1265,1174
1265,1441
1265,1461
1265,1464
1265,1469
1265,1473
1265,1475
1265,1477
1265,1478
1265,1480
1265,1482
1265,1483
1265,1485
1265,1486
1265,1488
1267,0
1269,1
1270,3
1270,1
1278,3
1278,1
1282,3
1287,4
1288,1
1289,1
1292,0
1293,1
1299,4
1299,1
1299,9
1299,12
1299,17
1299,19
1299,25
1299,30
1299,31
1301,3
1301,5
1303,1
1303,7
1303,9
1303,14
1304,1
1304,4
1304,7
1304,9
1312,1
1312,3
1312,8
1312,9
1312,14
1312,20
1313,3
1314,1
1314,4
1314,9
1314,20
1314,30
1314,42
1314,49
1315,1
1315,3
1315,8
1316,1
1316,3
1320,4
1324,0
1325,1
1334,1
1339,0
1341,3
1352,0
1352,3
1354,0
1358,1
1364,1
1364,3
1367,1
1367,3
1369,1
1369,24
1370,1
1389,1
1390,0
1390,5
1400,0
1400,1
1413,3
1413,1
1422,1
1422,3
1423,1
1426,1
1435,1
1437,1
1437,3
1745,1
1852,3
1852,1
1866,0
1866,1
1866,6
1866,40
1901,1
1903,7
1911,0
1940,0
1940,1
1943,3
1943,1
1944,1
1946,1
1946,3
1948,1
1953,0
1953,3
1954,1
1954,5
1955,3
1955,1
1957,0
1959,1
1959,3
1962,3
1963,3
1965,0
1965,3
1968,1
1968,4
1968,6
1968,10
1968,11
1968,13
1968,18
1968,19
1968,21
1968,23
1968,27
1968,28
1968,30
1968,40
1968,41
1968,44
1968,46
1968,54
1968,63
1968,66
1968,68
1968,70
1968,73
1968,75
1968,78
1968,82
1968,83
1968,85
1968,88
1968,90
1968,93
1968,96
1968,98
1968,101
1968,103
1968,106
1968,108
1968,111
1968,113
1968,115
1968,118
1968,120
1968,125
1968,126
1968,128
1968,131
1968,133
1968,136
1968,139
1968,141
1968,143
1968,145
1968,148
1968,150
1968,155
1968,156
1968,158
1968,161
1968,163
1968,166
1968,169
1968,171
1968,173
1968,176
1968,178
1968,181
1968,184
1968,186
1968,188
1968,191
1968,203
1968,212
1968,216
1968,229
1968,232
1968,239
1968,257
1968,260
1968,261
1968,265
1968,266
1968,270
1968,273
1968,274
1968,278
1968,279
1968,282
1968,286
1968,287
1968,291
1968,292
1968,295
1968,296
1968,300
1968,303
1968,304
1968,308
1968,309
1968,313
1968,316
1968,317
1968,321
1968,322
1968,325
1968,326
1968,330
1968,333
1968,334
1968,338
1968,339
1968,343
1968,346
1968,347
1968,351
1968,352
1968,355
1968,358
1968,360
1968,364
1968,365
1968,368
1968,369
1968,373
1968,376
1968,377
1968,381
1968,382
1968,387
1968,390
1968,392
1968,394
1968,395
1968,399
1968,400
1968,403
1968,407
1968,408
1968,412
1968,414
1968,416
1968,420
1968,422
1968,424
1968,425
1968,429
1968,430
1968,433
1968,437
1968,438
1968,442
1968,444
1968,446
1968,449
1968,450
1968,453
1968,455
1968,458
1968,461
1968,463
1968,466
1968,467
1968,471
1968,472
1968,475
1968,479
1968,480
1968,483
1968,485
1968,488
1968,492
1968,493
1968,496
1968,497
1968,501
1968,502
1968,505
1968,509
1968,510
1968,514
1968,515
1968,519
1968,522
1968,523
1968,527
1968,528
1968,532
1968,533
1968,536
1968,540
1968,541
1968,544
1968,545
1968,549
1968,552
1968,553
1968,557
1968,558
1968,563
1968,564
1968,566
1968,570
1968,571
1968,574
1968,575
1968,578
1968,582
1968,583
1968,586
1968,588
1968,591
1968,593
1968,596
1968,599
1968,600
1968,602
1968,603
1968,606
1968,610
1968,612
1968,614
1968,616
1968,620
1968,622
1968,623
1968,628
1968,629
1968,633
1968,634
1968,636
1970,0
1970,1
1970,6
1970,8
1970,12
1970,14
1970,16
1970,18
1970,21
1970,24
1970,25
1970,29
1970,31
1970,32
1970,35
1970,36
1970,41
1970,44
1970,46
1970,65
1970,66
1970,70
1970,72
1970,75
1970,78
1970,79
1970,83
1970,85
1970,87
1970,91
1970,92
1970,95
1970,97
1970,100
1970,103
1970,105
1970,108
1970,109
1970,113
1970,115
1970,117
1970,121
1970,122
1970,125
1970,127
1970,130
1970,133
1970,135
1970,138
1970,140
1970,143
1970,145
1970,148
1970,151
1970,152
1970,155
1970,157
1970,160
1970,163
1970,165
1970,168
1970,170
1970,173
1970,175
1970,178
1970,181
1970,182
1970,186
1970,188
1970,190
1970,194
1970,195
1970,198
1970,200
1970,203
1970,204
1970,208
1970,211
1970,213
1970,216
1970,218
1970,220
1970,224
1970,225
1970,228
1970,230
1970,233
1970,236
1970,238
1970,241
1970,243
1970,246
1970,248
1970,251
1970,254
1970,255
1970,258
1970,260
1970,263
1970,267
1970,268
1970,271
1970,273
1970,276
1970,277
1970,281
1970,284
1970,285
1970,289
1970,290
1970,293
1970,297
1970,298
1970,301
1970,303
1970,306
1970,307
1970,311
1970,314
1970,316
1970,319
1970,321
1970,323
1970,327
1970,328
1970,331
1970,333
1970,336
1970,339
1970,341
1970,344
1970,346
1970,349
1970,351
1970,354
1970,357
1970,358
1970,362
1970,363
1970,366
1970,370
1970,371
1970,374
1970,376
1970,379
1970,380
1970,384
1970,387
1970,388
1970,392
1970,393
1970,396
1970,400
1970,401
1970,404
1970,406
1970,409
1970,410
1970,414
1970,417
1970,419
1970,422
1970,424
1970,427
1970,430
1970,431
1970,434
1970,436
1970,439
1970,442
1970,444
1970,447
1970,449
1970,452
1970,454
1970,457
1970,460
1970,461
1970,465
1970,466
1970,469
1970,473
1970,474
1970,477
1970,479
1970,482
1970,483
1970,487
1970,490
1970,491
1970,495
1970,496
1970,499
1970,503
1970,504
1970,507
1970,509
1970,512
1970,513
1970,517
1970,520
1970,522
1970,525
1970,526
1970,530
1970,533
1970,534
1970,537
1970,539
1970,542
1970,545
1970,547
1970,550
1970,552
1970,555
1970,557
1970,560
1970,563
1970,564
1970,568
1970,569
1970,572
1970,576
1970,577
1970,580
1970,582
1970,585
1970,586
1970,590
1970,593
1970,595
1970,598
1970,599
1970,602
1970,606
1970,607
1970,610
1970,612
1970,615
1970,618
1970,620
1970,623
1970,625
1970,628
1970,629
1970,633
1970,636
1970,637
1970,645
1970,704
1970,708
1970,711
1970,713
1970,716
1970,717
1970,721
1970,723
1970,725
1970,729
1970,730
1970,734
1970,735
1970,738
1970,742
1970,743
1970,746
1970,747
1970,751
1970,753
1970,755
1970,759
1970,760
1970,764
1970,765
1970,768
1970,772
1970,773
1970,776
1970,778
1970,781
1970,783
1970,786
1970,789
1970,791
1970,794
1970,795
1970,799
1970,802
1970,803
1970,806
1970,808
1970,811
1970,813
1970,816
1970,819
1970,821
1970,824
1970,825
1970,829
1970,847
1970,850
1970,896
1970,897
1970,901
1970,902
1970,905
1970,908
1970,910
1970,913
1970,915
1970,918
1970,921
1970,923
1970,926
1970,927
1970,931
1970,934
1970,935
1970,939
1970,940
1970,943
1970,945
1970,948
1970,951
1970,953
1970,956
1970,958
1970,961
1970,964
1970,966
1970,969
1970,970
1970,973
1970,975
1970,978
1970,981
1970,983
1970,986
1970,988
1970,991
1970,994
1970,996
1970,999
1970,1000
1970,1004
1970,1005
1970,1008
1970,1012
1970,1013
1970,1016
1970,1018
1970,1021
1970,1024
1970,1026
1970,1029
1970,1031
1970,1034
1970,1037
1970,1038
1970,1042
1970,1043
1970,1046
1970,1048
1970,1051
1970,1054
1970,1056
1970,1059
1970,1061
1970,1064
1970,1067
1970,1069
1970,1072
1970,1073
1970,1077
1970,1078
1970,1081
1970,1084
1970,1086
1970,1089
1970,1091
1970,1094
1970,1097
1970,1099
1970,1102
1970,1103
1970,1107
1970,1108
1970,1111
1970,1115
1970,1116
1970,1119
1970,1121
1970,1124
1970,1127
1970,1129
1970,1132
1970,1134
1970,1137
1970,1138
1970,1141
1970,1145
1970,1146
1970,1149
1970,1151
1970,1154
1970,1157
1970,1159
1970,1162
1970,1164
1970,1167
1970,1170
1970,1172
1970,1175
1970,1176
1970,1180
1970,1181
1970,1184
1970,1187
1970,1189
1970,1192
1970,1194
1970,1197
1970,1200
1970,1202
1970,1205
1970,1206
1970,1210
1970,1211
1970,1214
1970,1218
1970,1219
1970,1222
1970,1224
1970,1227
1970,1230
1970,1232
1970,1235
1970,1237
1970,1240
1970,1241
1970,1245
1970,1248
1970,1249
1970,1252
1970,1254
1970,1257
1970,1260
1970,1262
1970,1265
1970,1267
1970,1270
1970,1273
1970,1276
1970,1279
1970,1280
1970,1283
1970,1284
1970,1288
1970,1291
1970,1293
1970,1296
1970,1297
1970,1300
1970,1304
1970,1305
1970,1308
1970,1310
1970,1313
1970,1315
1970,1318
1970,1321
1970,1323
1970,1326
1970,1327
1970,1331
1970,1334
1970,1335
1970,1339
1970,1340
1970,1343
1972,1
1974,0
1974,1
1975,0
1975,1
1981,3
1983,0
1985,1
1985,3
1987,3
1990,3
1992,1
1992,3
2198,3
2198,1
1992,9
1992,11
1992,12
1993,1
1997,0
1997,3
1998,0
1998,1
2003,3
2003,8
2003,9
2003,11
2003,14
2003,16
2003,18
2003,22
2003,24
2003,26
2003,30
2003,31
2003,34
2003,66
2003,67
2003,69
2003,72
2003,74
2003,77
2003,80
2003,82
2003,84
2003,87
2003,89
2003,92
2003,95
2003,97
2003,99
2003,102
2003,104
2003,107
2003,110
2003,112
2003,115
2003,117
2003,119
2003,122
2003,125
2003,127
2003,131
2003,132
2003,134
2003,139
2003,140
2003,144
2003,145
2003,147
2003,149
2003,153
2003,155
2003,157
2003,161
2003,162
2003,164
2003,169
2003,170
2003,174
2003,175
2003,177
2003,179
2003,183
2003,185
2003,187
2003,190
2003,192
2003,196
2003,199
2003,200
2003,204
2003,205
2003,207
2003,210
2003,213
2003,215
2003,218
2003,220
2003,222
2003,226
2003,228
2003,230
2003,234
2003,235
2003,237
2003,240
2005,1
2005,6
2005,7
2007,0
2007,3
2008,0
2008,3
2008,5
2008,8
2008,10
2008,12
2008,15
2008,16
2008,19
2008,20
2008,24
2010,1
2016,0
2016,4
2016,1
2016,6
2016,8
2016,11
2016,14
2016,16
2016,19
2016,20
2016,24
2016,25
2016,29
2016,33
2016,35
2016,65
2016,66
2016,69
2016,73
2016,74
2017,1
2017,3
2018,1
2018,3
2019,1
2023,3
2023,1
2026,1
2027,0
2028,3
2031,0
2031,3
2035,0
2035,3
2042,0
2042,3
2044,0
2048,0
2048,1
2070,1
2070,3
2070,81
2074,1
2100,1
2104,0
2104,1
2105,1
2105,26
2107,0
2107,3
2115,0
2144,0
2144,1
2147,3
2148,0
2148,3
2150,1
2152,3
2153,1
2157,1
2157,4
2157,7
2157,9
2158,1
2158,3
2159,1
2159,6
2159,7
2159,10
2159,12
2159,15
2159,22
2159,24
2159,27
2159,30
2159,32
2159,36
2159,37
2159,40
2159,64
2161,3
2163,0
2163,3
2166,3
2166,1
2167,3
2167,1
2169,3
2172,1
2172,3
2172,5
2172,7
2172,11
2172,12
2172,16
2172,19
2172,20
2172,24
2172,25
2172,28
2172,36
2172,37
2172,41
2172,42
2172,45
2172,50
2172,52
2172,59
2172,64
2172,66
2172,69
2172,71
2172,74
2172,77
2172,79
2172,81
2172,83
2172,84
2172,87
2172,90
2172,91
2172,94
2172,96
2172,99
2172,101
2172,104
2172,108
2172,109
2172,112
2172,114
2172,116
2172,119
2172,120
2172,122
2172,124
2172,128
2172,131
2172,133
2172,137
2172,138
2172,142
2172,144
2172,146
2172,150
2172,151
2172,155
2172,156
2172,160
2172,164
2172,166
2172,168
2172,169
2172,173
2172,176
2172,177
2172,181
2172,184
2172,186
2172,187
2172,191
2172,201
2172,207
2172,257
2172,259
2172,262
2172,265
2172,267
2172,269
2172,272
2172,274
2172,278
2172,280
2172,282
2172,285
2172,287
2172,289
2172,292
2172,295
2172,298
2172,300
2172,302
2172,304
2172,308
2172,310
2172,312
2172,314
2172,316
2172,318
2174,0
2174,5
2174,1
2174,8
2174,10
2174,13
2174,16
2174,18
2174,21
2174,23
2174,26
2174,27
2174,30
2174,33
2174,36
2174,39
2174,40
2174,44
2174,52
2174,57
2174,64
2174,65
2174,69
2174,70
2174,73
2174,77
2174,78
2174,81
2174,83
2174,86
2174,89
2174,91
2174,94
2174,96
2174,99
2174,102
2174,103
2174,107
2174,108
2174,111
2174,113
2174,116
2174,119
2174,121
2174,124
2174,126
2174,129
2174,132
2174,134
2174,137
2174,138
2174,142
2174,143
2174,146
2174,149
2174,151
2174,154
2174,156
2174,159
2174,162
2174,164
2174,167
2174,168
2174,172
2174,173
2174,176
2174,180
2174,181
2174,184
2174,186
2174,189
2174,192
2174,194
2174,197
2174,199
2174,202
2174,205
2174,206
2174,210
2174,211
2174,214
2174,216
2174,219
2174,222
2174,224
2174,227
2174,229
2174,232
2174,235
2174,237
2174,240
2174,241
2174,245
2174,246
2174,249
2174,252
2174,254
2174,257
2174,259
2174,262
2174,265
2174,267
2174,270
2174,271
2174,275
2174,276
2174,279
2174,283
2174,284
2174,287
2174,289
2174,292
2174,295
2174,297
2174,300
2174,302
2174,305
2174,308
2174,310
2174,313
2174,314
2174,317
2174,319
2174,322
2174,325
2174,327
2174,330
2174,332
2174,335
2174,338
2174,340
2174,343
2174,344
2174,348
2174,349
2174,352
2174,355
2174,357
2174,360
2174,362
2174,365
2174,368
2174,370
2174,373
2174,375
2174,378
2174,379
2174,382
2174,387
2174,388
2174,391
2174,393
2174,395
2174,399
2174,400
2174,403
2174,405
2174,408
2174,410
2174,413
2174,416
2174,418
2174,421
2174,422
2174,425
2174,429
2174,430
2174,433
2174,435
2174,438
2174,441
2174,443
2174,446
2174,448
2176,1
2176,5
2179,1
2187,0
2187,1
2191,3
2191,1
2201,3
2202,3
2203,3
2203,1
2203,25
2204,1
2204,6
2204,8
2204,11
2204,14
2204,16
2204,20
2204,22
2204,24
2204,26
2204,29
2204,31
2204,34
2207,0
2207,1
2207,8
2207,9
2207,13
2207,14
2207,19
2207,21
2207,22
2207,26
2207,27
2207,30
2207,34
2207,35
2207,66
2207,67
2207,72
2207,73
2207,77
2207,79
2207,80
2207,84
2207,85
2207,88
2207,92
2209,0
2209,1
2209,5
2209,7
2211,0
2211,1
2223,3
2223,1
2224,3
2225,0
2229,0
2229,4
2233,0
2233,3
2234,0
2234,3
2235,0
2246,1
2248,0
2250,0
2352,3
2352,1
2361,1
2365,1
2371,1
2374,1
2374,5
2374,10
2374,12
2376,1
2376,7
2376,9
2376,13
2376,17
2376,21
2376,26
2381,3
2389,1
2389,3
2398,3
2404,1
2404,3
2411,1
2411,4
2414,1
2422,1
2433,1
2434,1
2448,0
2648,1
2650,0
2650,1
2654,0
2657,0
2657,3
2659,3
2670,1
2670,4
2681,35
2681,64
2683,0
2683,5
2683,6
2683,43
2685,1
2685,3
2685,141
2685,142
2685,144
2687,1
2707,3
2724,1
2724,3
2732,1
2733,1
2734,4
2740,1
2748,1
2759,0
2759,1
2771,0
2771,8
2771,1
3084,2
3085,1
3086,1
3086,2
3087,1
3088,2
2248,3
0,306
2,79
2225,3
2202,0
2209,8
2,77
2201,0
2216,3
2216,1
2158,4
2158,6
2194,0
2194,1
2241,0
2241,1
2189,3
2189,1
2197,3
2197,1
2150,3
2178,0
2178,1
2153,3
2224,0
2188,0
2188,3
2158,7
1,14
0,609
2670,3
2669,3
2734,0
2734,3
2734,7
2734,8
2669,5
2669,1
2670,6
2734,9
2670,8
2670,10
2732,3
2732,5
2683,3
2683,7
2683,9
2683,10
2683,12
2683,13
2683,15
2683,17
2683,18
2683,20
2683,21
2683,23
2683,25
2683,26
2683,28
2683,29
2683,37
2683,38
2683,40
2685,0
2685,4
2685,33
2685,34
2685,41
2685,133
2685,10
2685,9
2685,135
2685,19
2685,18
2685,11
2685,130
2685,8
2685,94
2685,93
2685,126
2685,129
2685,112
2685,127
2685,136
2685,119
2685,100
2685,99
2685,132
2685,27
2685,17
2685,123
2685,128
2685,106
2685,6
2685,7
2685,22
2685,124
2685,140
2685,84
2685,96
2685,134
2685,118
2685,89
2685,113
2685,115
2685,66
2685,14
2685,117
2685,109
2685,87
2685,28
2685,13
2685,79
2685,104
2685,71
2685,80
2685,78
2685,72
0,610
2715,3
2654,1
2759,3
2736,3
2736,1
2687,3
2721,3
2713,0
2713,1
2661,0
2661,1
2702,0
2702,1
2721,1
2721,6
2721,8
2672,0
2672,1
2658,3
2658,1
2712,0
2712,3
2726,0
2726,3
2752,0
2752,1
2696,0
2696,1
2705,0
2705,1
2709,3
2709,1
2700,3
2700,1
2733,3
2708,0
2708,1
2689,3
2689,1
2687,5
2724,2
2174,398
0,567
1972,0
1998,3
1946,0
0,586
1987,0
1957,3
2005,5
1972,5
1968,8
1968,9
1968,16
1968,22
1968,24
1968,35
1968,36
1968,39
1968,43
1968,65
1968,71
1968,74
1968,79
1968,81
1968,87
1968,94
1968,95
1968,100
1968,104
1968,109
1968,112
1968,117
1968,122
1968,124
1968,130
1968,134
1968,138
1968,146
1968,147
1968,152
1968,154
1968,160
1968,164
1968,168
1968,174
1968,177
1968,182
